12196292 26379842
17524072 14871359
33423 98726492
7230842 20536157
20536157 33423
98726492 17524072
14313021 93957809
7230842 17524072
14871359 25875012
14871359 26379842
26379842 25875012
33423 989
17524072 26379842
20536157 93957809
93957809 989
7230842 93957809
20536157 989
17524072 989
14871359 989
17524072 25875012
14313021 7230842
20536157 14313021
17524072 14313021
26379842 20536157
14871359 14313021
98726492 20536157
17524072 20536157
7230842 33423
100481103 33423

14313021 0 0 0 0 0 1 0 0 0 0 0 0 0 1 1 1 0 0 0 0
98726492 0 0 0 0 0 0 0 0 0 0 0 0 0 0 0 0 0 0 0 1
29420247 0 0 0 0 1 0 1 0 0 0 1 0 0 0 0 0 1 0 0 0
100481103 0 0 0 0 0 0 0 0 0 0 0 0 0 0 0 0 1 0 1 0
12196292 0 0 0 1 0 0 0 1 1 0 0 0 0 0 0 0 0 0 0 1
33423 0 0 0 0 0 0 0 0 0 0 0 0 0 0 1 0 0 0 0 0
93957809 0 0 0 0 0 0 0 0 0 0 0 0 1 0 0 0 0 0 0 1
7230842 1 0 1 0 0 1 0 0 0 1 0 0 0 1 0 1 0 1 0 0
76394197 1 1 0 0 0 0 0 0 0 0 0 0 0 0 0 0 0 0 0 0
989 0 0 0 0 0 0 0 0 0 0 0 1 1 0 0 0 0 0 0 0
14989226 0 0 0 0 0 0 0 0 0 1 0 0 0 0 0 0 0 0 0 0
20536157 0 0 0 0 0 0 0 0 0 0 0 0 0 0 0 0 0 0 0 0
25875012 0 1 0 0 0 0 1 0 0 0 0 0 0 0 0 0 0 0 0 0
80055873 0 0 0 0 0 0 0 0 0 0 0 0 0 0 0 0 0 0 0 0
17524072 0 0 0 0 0 0 0 0 0 0 0 0 0 0 0 0 0 0 0 0
14871359 1 0 0 0 1 0 0 0 0 0 1 1 0 0 0 0 0 1 0 0
26379842 0 0 0 1 0 0 0 1 0 0 0 0 0 0 0 0 0 0 0 0
