5538252 14719129
53235381 14645160
7888452 53235381
403518639 14645160
14944566 7888452
5538252 14645160
5538252 403518639
8596922 14645160
7888452 14719129
14944566 8596922
156150881 14645160
7888452 5538252
156150881 5538252
7888452 403518639
14118444 14719129
8596922 7888452
14645160 7888452
8596922 53235381
403518639 14118444
14944566 5538252
64508047 14118444
53235381 5538252
8596922 14118444
5538252 64508047
14944566 14645160
5538252 8596922
14645160 14719129
53235381 14719129

14118444 0 0 0 0 0 0 0 0 0 0 0 0 0 0 0 0 0 0 0 0 0 0 0 0 1 0 1 1 0 0 0 1 1 0 0 0 0 0 0 0 0 0 0 0 0 0 0 0 1 0 1 1 1 0 1 0 1 0 0 0 0 0 0 0 1 1 1 0 1 1 0 1 0 0 0 0 0 0 1
403518639 1 1 1 1 0 0 0 0 0 0 0 0 0 1 0 1 0 0 0 0 0 1 0 0 1 1 0 0 0 1 1 0 0 0 0 0 0 0 0 1 0 0 1 0 0 0 0 0 0 0 0 0 0 0 0 0 0 0 0 0 0 0 0 1 0 0 0 0 0 1 1 1 1 1 0 0 1 1 0
14719129 0 0 0 0 0 1 0 0 0 0 0 0 0 0 0 0 0 0 0 0 0 0 0 0 0 0 0 0 0 0 0 1 0 0 0 0 0 1 0 0 0 0 0 0 0 1 0 0 0 0 1 0 0 0 0 0 0 0 0 0 0 0 0 0 1 0 0 0 0 1 0 0 0 0 0 0 0 0 1
14645160 0 0 0 0 0 0 1 0 0 1 1 1 1 0 0 0 0 0 0 0 1 1 1 0 0 0 0 0 0 1 0 1 0 0 1 0 1 0 0 1 0 0 1 0 0 0 1 0 0 0 0 0 0 0 0 1 0 0 0 0 0 0 1 0 0 0 1 1 0 1 0 0 0 1 1 0 1 0 0
53235381 0 0 0 0 1 1 1 0 0 0 0 0 0 0 1 0 0 0 1 0 0 0 0 0 0 1 0 1 0 1 0 0 0 0 0 0 0 0 0 0 1 1 0 1 0 0 1 0 1 0 1 1 0 0 0 0 1 0 0 0 0 0 0 0 0 0 0 0 1 1 0 0 0 0 0 1 0 0 0
7888452 0 0 0 0 0 0 0 1 0 0 0 0 0 0 1 0 1 0 1 0 0 1 1 0 0 0 0 0 0 1 0 1 0 1 1 1 0 0 1 0 0 0 0 0 0 1 0 1 0 1 0 0 1 1 0 0 0 0 1 1 0 0 1 0 0 0 1 0 0 1 1 0 0 0 1 0 0 0 0
8596922 0 0 0 0 0 0 0 0 1 0 0 0 0 1 1 0 0 1 1 1 0 0 0 0 0 0 0 0 0 0 0 0 0 0 0 0 0 0 0 0 0 0 0 0 0 0 0 0 0 0 1 0 0 1 0 1 0 1 0 0 0 1 0 0 0 0 0 0 0 1 0 0 0 0 0 0 0 1 0
64508047 0 0 0 0 0 0 0 0 0 0 0 0 0 0 0 0 0 0 0 0 0 0 0 0 0 0 0 0 0 0 0 0 0 0 0 0 0 0 0 0 0 0 0 0 0 0 0 0 0 0 0 0 0 0 0 0 0 0 0 0 0 0 0 0 0 0 0 0 0 0 0 0 0 0 0 0 0 0 0
14944566 1 0 0 0 0 0 0 0 0 1 0 0 0 0 1 0 1 0 1 0 0 1 0 0 0 0 0 0 1 0 0 0 0 0 1 1 0 1 1 0 0 0 0 1 0 0 1 1 0 1 0 0 0 0 0 0 0 0 1 0 1 0 1 0 0 0 0 0 0 1 0 0 1 0 0 0 0 1 0
156150881 1 1 1 1 0 0 0 0 0 0 0 0 0 0 0 0 0 0 0 0 0 0 0 0 0 0 0 0 0 0 0 0 0 0 0 0 0 0 0 0 0 0 0 0 0 0 0 0 0 0 0 0 0 0 0 0 0 0 0 0 0 0 0 0 0 0 0 0 0 0 0 0 0 0 0 0 0 0 0
5538252 1 0 0 0 0 0 0 1 1 0 1 1 1 0 1 0 0 0 0 0 1 0 0 1 0 0 0 0 0 0 0 1 0 1 1 0 1 0 0 0 0 0 0 0 1 1 0 0 0 0 0 0 0 1 1 0 1 1 0 1 1 0 1 1 0 0 1 0 0 1 0 0 0 0 0 0 0 0 0