16824073 17230018
23635968 784304
18122488 9695312
18122488 17243213
9695312 17230018
9695312 17243213
17230018 17243213
784304 9695312
113508149 784304
17243213 16870853
14681663 16824073
14681663 784304
17243213 784304
17243213 14681663
18122488 113508149
17243213 113508149
18122488 23635968
113508149 16870853
18122488 17230018
16870853 9695312
23635968 16870853
18122488 784304
16870853 784304

23413485 0 0 0 0 0 0 0 0 0 0 0 0 0 0 0 0 0 0 0 0 0 0
16824073 1 0 0 0 0 0 1 0 1 0 0 1 1 1 1 1 0 0 1 0 0 0
9695312 0 1 0 0 0 1 0 0 0 1 1 0 0 0 0 0 0 0 0 0 0 0
784304 0 0 0 0 1 0 0 0 0 0 0 0 0 0 0 0 0 0 0 0 0 0
14681663 1 0 0 0 0 0 0 0 0 0 0 0 0 0 0 0 0 0 0 0 0 0
18122488 0 0 0 0 0 0 0 0 0 0 0 0 0 0 0 0 1 1 0 1 0 0
113508149 0 0 0 0 1 0 0 0 0 0 0 0 0 0 0 0 0 1 0 0 1 0
17243213 0 0 1 1 0 1 0 1 0 1 1 0 0 1 0 0 0 0 0 0 0 1
17230018 0 1 1 1 0 0 0 0 0 0 0 0 0 1 0 0 0 0 1 0 0 0
23635968 0 0 0 0 0 0 0 0 0 0 0 0 0 0 0 0 1 0 0 1 1 1
16870853 0 0 0 0 0 0 0 0 0 0 0 0 0 0 0 0 0 0 0 0 0 0