34665247 34663865
15318882 93733494
29477388 14911702
15318882 34663865
66833459 34665247
17758399 10067152
34663865 25521487
17758399 34665247
93733494 456846767
17758399 28706024
30799813 25521487
69193714 38232487
69393657 10067152
69193714 18393773
30799813 28706024
17104585 18393773
30799813 42080740
17758399 18393773
17104585 29477388
42080740 25521487
40081665 44779307
15318882 10067152
69193714 4519121
69393657 17758399
17758399 34663865
18393773 19299909
66833459 34663865
19299909 4519121
40081665 26109801
29477388 18393773
29459405 14911702

40081665 0 0 0 0 0 0 0 0 0 0 0 0 0 0 0 0 0
28566267 0 0 0 0 0 0 0 0 0 0 0 0 0 0 0 0 0
10067152 0 0 0 1 0 1 0 0 1 0 0 0 0 0 0 0 0
18393773 0 0 0 0 0 0 0 0 1 0 0 0 0 0 0 1 0
4519121 0 0 0 0 0 0 0 0 0 0 1 0 0 0 0 0 0
17758399 0 0 0 0 0 0 0 0 0 0 0 0 0 0 0 0 0
14911702 0 0 0 0 0 0 0 0 0 0 0 0 0 0 0 0 0
29477388 0 0 1 1 1 0 0 0 0 1 0 1 1 0 1 0 0
26109801 0 0 0 0 0 0 0 0 0 0 0 0 0 0 0 0 0
38232487 0 0 0 0 0 0 0 0 0 0 0 0 0 0 0 0 0
34663865 0 0 0 0 0 0 0 0 0 0 0 0 0 1 0 0 0
456846767 0 0 0 0 0 0 1 1 0 0 1 0 0 0 0 0 0
93733494 1 0 0 0 0 0 1 1 0 0 0 0 0 1 0 0 0
17104585 1 1 0 0 0 0 0 0 1 1 0 1 1 0 0 0 0
20904318 0 0 0 0 0 0 0 0 0 0 0 0 0 0 0 0 0
34050356 1 0 0 0 0 0 0 0 0 0 0 0 0 0 0 0 1
69393657 0 0 0 0 0 0 0 0 0 0 0 0 0 0 0 0 0
34665247 0 0 0 0 0 0 0 0 0 0 0 0 0 0 0 0 0
18906335 0 0 0 0 0 0 0 0 0 0 0 0 0 0 0 0 0
29459405 0 0 0 0 0 0 0 0 0 0 0 0 0 0 0 0 0
19299909 0 1 0 0 0 0 0 0 0 0 0 0 0 0 0 0 0
30799813 0 0 0 0 0 0 0 0 0 0 0 0 0 0 0 0 0
25521487 0 0 0 0 0 0 0 0 0 0 0 0 0 0 0 0 0
28706024 0 0 0 0 0 0 0 0 0 0 0 0 0 0 0 0 0
44779307 0 0 0 0 0 0 0 0 0 0 0 0 0 0 0 0 0
28031327 0 0 0 0 0 0 0 0 0 0 0 0 0 0 0 0 0
15318882 0 0 0 0 0 0 0 0 0 0 0 0 0 0 0 0 1
17856149 0 0 0 0 0 0 0 0 0 0 0 0 0 0 0 0 0
69193714 0 0 1 0 0 0 0 0 0 0 0 0 0 0 0 1 0
66833459 0 0 0 0 0 0 0 0 0 0 0 0 0 0 0 0 0
42080740 0 0 0 0 0 0 0 0 0 0 0 0 0 0 0 0 0
